"ystrata" "birthstrata" "racestrata"
"1" 120.185693185534 2080.65092077498 0
"2" 119.826167295397 1997.38263596086 0
"3" 120.727892385328 2055.71650808955 0
"4" 119.086058901855 1908.17600109072 0
"5" 118.74428343083 1901.34867563679 0
"6" 119.321374284906 1919.25823710149 0
"7" 119.271309494004 1950.41905070874 0
"8" 120.148522120359 1947.93351526694 0
"9" 120.257270225201 1957.22691299834 0
"10" 119.449283303532 1959.3803112518 0
"11" 121.584812055097 2121.72018156858 0
"12" 120.88591903739 2110.50472446375 0
"13" 120.432687351979 2085.6250028612 0
"14" 120.25979112443 1982.81008309774 0
"15" 119.905744426724 1985.49468865343 0
"16" 120.987613792492 2097.34337984112 0
"17" 121.097825708807 2076.2410731839 0
"18" 120.024586739354 1963.71932612966 0
"19" 121.305621422455 2112.333240391 0
"20" 120.854037923126 2060.59373734264 0
"21" 119.506161805303 1979.00744109139 0
"22" 121.770449767364 2132.08579995273 0
"23" 119.372986871746 1903.08156805037 0
"24" 118.145453582209 1859.13670437943 0
"25" 119.990365019059 2015.89553572808 0
"26" 119.726833577238 1995.29883151721 0
"27" 119.97383497095 2015.21763625029 0
"28" 117.891296773789 1833.86860230254 0
"29" 119.993564197289 2002.37900388994 0
"30" 121.717958852935 2096.75828839422 0
"31" 119.086579700551 1941.75879188775 0
"32" 118.286061848806 1837.10781996818 0
"33" 121.149604676437 2143.69614459877 0
"34" 121.122574766256 2124.7504397685 0
"35" 120.47503061285 2071.12838179183 0
"36" 120.594577452977 2065.95642295609 0
"37" 120.665267245086 2012.61778856883 0
"38" 119.740301501607 1988.83563588127 0
"39" 118.940408192148 1917.28586239066 0
"40" 120.730495690568 2092.25806225769 0
"41" 120.241074071119 2008.93942953787 0
"42" 118.52927132963 1880.88827299259 0
"43" 122.133960815679 2244.19145603976 0
"44" 117.455122655661 1756.81182141899 0
"45" 122.45467015594 2224.06369396318 0
"46" 119.408476987462 1951.13039597511 0
"47" 117.787221559639 1795.52795982861 0
"48" 120.291665226757 2030.48589514642 0
"49" 118.651605230143 1894.47122227155 0
"50" 120.880665126971 2062.16484897251 0
"51" 118.315806654879 1840.00151197397 0
"52" 119.308558249848 1928.83401657001 0
"53" 119.600413630202 1991.98681315302 0
"54" 120.705711705773 2087.63005875806 0
"55" 120.184866006968 2066.29290996761 0
"56" 120.866580384615 2055.67970637448 0
"57" 120.298636707469 2085.75813193471 0
"58" 120.855630996877 2054.63169625508 0
"59" 120.068080607158 2016.79863842612 0
"60" 120.148240342701 1988.72891907433 0
"61" 118.684317129304 1883.50068322668 0
"62" 118.085917636279 1802.36531687205 0
"63" 120.934649545033 2067.76391464779 0
"64" 119.73985085043 1979.36246153027 0
"65" 119.892119615316 1971.27563729793 0
"66" 119.383866145394 1987.68688050508 0
"67" 121.061879131248 2089.37353788489 0
"68" 120.881355149952 2136.76998906663 0
"69" 120.472586366473 2039.47950854454 0
"70" 119.317754183805 1982.23929844829 0
"71" 119.991759186991 1981.48302299311 0
"72" 120.529895416354 2046.78849063128 0
"73" 119.579695960628 1936.15888548417 0
"74" 120.107814412022 2108.47024807934 0
"75" 121.434070541505 2141.29693167841 0
"76" 119.527821471395 1928.99477155344 0
"77" 118.348501717473 1878.1303557297 0
"78" 119.813653593315 1953.96923481744 0
"79" 120.920796040916 2098.59519579538 0
"80" 121.424251554406 2115.01058363371 0
"81" 118.38394553015 1846.56376457681 0
"82" 120.767972442123 2087.89676976987 0
"83" 120.134767802422 2021.2269428223 0
"84" 121.624624277864 2131.42606818117 0
"85" 118.91586933394 1902.93724574599 0
"86" 121.140621919243 2125.79621352602 0
"87" 120.234621143451 1987.67273608862 0
"88" 121.009836601693 2078.73890533857 0
"89" 119.500285019232 1945.92285492406 0
"90" 121.155290453091 2114.82126213706 0
"91" 119.965268454302 2039.54564190847 0
"92" 118.607400173592 1883.38075480117 0
"93" 120.872749106647 2099.69952375444 0
"94" 120.540191830353 2080.43093282269 0
"95" 119.575080797236 1927.85340160222 0
"96" 121.188978438206 2168.51220763261 0
"97" 120.436179365807 2041.20491423161 0
"98" 120.601104245259 2092.00819990917 0
"99" 119.632740670668 1933.41752736173 0
"100" 120.565744183017 2082.2540223783 0
"101" 121.74047272082 2210.10012021905 0
"102" 119.579784764072 1949.32072035097 0
"103" 119.511426613213 2021.00756899833 0
"104" 121.703728637243 2154.1358499334 0
"105" 121.096918217109 2061.02631824453 0
"106" 118.776976291277 1875.42466105233 0
"107" 120.746833045234 2117.85160634101 0
"108" 120.41848348839 2053.02869923747 0
"109" 120.678739961445 2050.12423810456 0
"110" 121.57743957271 2140.58998070002 0
"111" 119.732153633268 1997.91213035926 0
"112" 119.631961563586 2006.81617416384 0
"113" 120.38717959031 2069.56306831406 0
"114" 121.195014719946 2124.15980712246 0
"115" 118.381329343171 1889.59741639546 0
"116" 118.565496139886 1926.45435817907 0
"117" 120.748734160742 2076.64655959607 0
"118" 119.012557817105 1901.70276648539 0
"119" 122.027856610672 2140.04904785943 0
"120" 118.668561729815 1890.37170305697 0
"121" 119.255520815928 1968.14087472163 0
"122" 121.411276229405 2158.15809823031 0
"123" 120.261867655489 2002.08889204953 0
"124" 120.492279623159 2048.22822191781 0
"125" 120.326390670983 2047.22598457409 0
"126" 121.560453772229 2164.72674624169 0
"127" 119.735276515669 1982.11831626901 0
"128" 119.661522581819 1953.76489008129 0
"129" 119.36995439803 1932.45954607406 0
"130" 120.475370367107 2063.40423438924 0
"131" 120.887796736941 2062.05930439941 0
"132" 121.923051901165 2156.7963654988 0
"133" 118.679536326341 1885.9697303323 0
"134" 119.886317780881 2013.64224352142 0
"135" 121.471729564966 2124.7768608579 0
"136" 121.204472819784 2076.70958247628 0
"137" 120.923589424319 2094.13286056103 0
"138" 119.802067316395 1988.59991784694 0
"139" 120.650913391974 2052.98551640679 0
"140" 119.082634428287 1868.26860941369 0
"141" 118.914146157844 1933.04118307581 0
"142" 119.449899092188 1962.64403561276 0
"143" 120.116401787215 2031.95601245003 0
"144" 119.480614064077 1985.06119013377 0
"145" 119.790779700059 1983.36652357807 0
"146" 120.28798106162 2064.65038193798 0
"147" 120.59013640016 2071.02292310388 0
"148" 120.873930277548 2058.18138488641 0
"149" 119.665635588844 1987.41244213148 0
"150" 121.558253126887 2162.41726173876 0
"151" 118.894555903143 1877.50615740175 0
"152" 121.141369011048 2122.79133247362 0
"153" 119.840181204479 1976.79739547925 0
"154" 118.418298684679 1904.05163446249 0
"155" 120.666706179008 2052.85012326419 0
"156" 121.873195955131 2168.04880991392 0
"157" 119.388736258097 1964.4525163692 0
"158" 118.605702270302 1885.25219938305 0
"159" 119.382605557489 1992.05812178247 0
"160" 120.122866067406 1994.91702509808 0
"161" 118.648208103988 1863.51931099319 0
"162" 121.252368590161 2149.75306070156 0
"163" 121.802970780734 2158.68880467274 0
"164" 120.203995899491 2049.84563581451 0
"165" 118.720347766928 1889.68644366562 0
"166" 120.744911730216 2035.14613898282 0
"167" 118.771092995743 1899.2194154854 0
"168" 120.241025929923 2056.00518275859 0
"169" 120.286098785709 2025.09027763132 0
"170" 120.424041473711 2043.51676417131 0
"171" 120.829596755739 2037.45217168884 0
"172" 119.477953248115 1948.19879678852 0
"173" 120.528278177345 2043.60155228462 0
"174" 118.19299123779 1820.10695372895 0
"175" 119.896945218392 2021.92742392864 0
"176" 119.739001115663 1968.98152227111 0
"177" 118.954288687119 1978.48996291942 0
"178" 120.764276557191 2061.69837256561 0
"179" 119.505717330873 1978.18573434412 0
"180" 119.055953640937 1914.21014121815 0
"181" 120.568611130833 2094.35461620494 0
"182" 120.229976643465 2068.19969484832 0
"183" 120.306348528857 2039.67698140432 0
"184" 120.057365918898 1960.47891874125 0
"185" 119.981760228934 1964.0021020818 0
"186" 120.607976158999 2082.6356081296 0
"187" 120.06881650912 2062.94196239269 0
"188" 118.175954143094 1830.43015842359 0
"189" 122.106466425849 2238.53830114902 0
"190" 119.145573348102 1878.83419051492 0
"191" 119.639759188721 2003.0350391667 0
"192" 119.267192242645 1945.06220716371 0
"193" 120.503539582292 2074.51739546367 0
"194" 120.882851555627 2097.91396349158 0
"195" 120.475245924684 2023.47523683644 0
"196" 119.579790360119 1970.30461015295 0
"197" 120.858053644488 2086.96711342953 0
"198" 121.992440186823 2224.03884557828 0
"199" 118.35171890783 1844.90138527276 0
"200" 119.599054994539 1915.92268895657 0
"201" 120.562223317425 2023.01994828894 0
"202" 119.442916398266 1987.76870029393 0
"203" 118.754068546097 1836.57425801157 0
"204" 121.53742026987 2196.11457852275 0
"205" 119.695092089651 1998.81676930308 0
"206" 119.90079970651 1974.29742981485 0
"207" 120.42353157198 2074.66257072791 0
"208" 119.342884142128 1957.49415900331 0
"209" 118.039442333409 1772.55536654098 0
"210" 119.727704686123 1980.90668460358 0
"211" 119.756341945561 1964.05481688903 0
"212" 120.426596681222 2061.15760909107 0
"213" 119.327685639416 2003.97418641716 0
"214" 121.282359374134 2167.73088717819 0
"215" 119.05240725243 1887.01068775251 0
"216" 118.592060594123 1883.70238406667 0
"217" 122.179791578514 2182.50400724648 0
"218" 120.758552456345 2068.2058176432 0
"219" 118.321937660641 1826.33541758191 0
"220" 121.616284734491 2149.02954096856 0
"221" 119.270742584876 1938.46548714899 0
"222" 118.608616685477 1859.95667319723 0
"223" 119.980908979226 2004.25543882765 0
"224" 120.152928068217 2066.76785535389 0
"225" 119.577945514204 1921.94801483131 0
"226" 120.914979483728 2077.74058630038 0
"227" 120.430875458849 2002.99733387097 0
"228" 120.877067892373 2097.04113807243 0
"229" 119.853704938159 1967.39024695009 0
"230" 119.426808580425 1964.26052199917 0
"231" 121.643226967978 2158.17321564405 0
"232" 119.200425845117 1940.21509819243 0
"233" 120.366273041671 2104.84597020824 0
"234" 120.307644266546 1977.70330067396 0
"235" 121.581868568528 2190.44509824242 0
"236" 119.991461919856 2017.1366135657 0
"237" 121.857958199657 2132.86353231905 0
"238" 119.960661438954 2043.23793314524 0
"239" 120.033009316469 2026.70853214149 0
"240" 121.93343155543 2153.07663058549 0
"241" 120.23198873702 2030.25355375279 0
"242" 119.6217435953 2002.98101294577 0
"243" 119.159784029226 1921.01570830016 0
"244" 121.34439627752 2137.51132362738 0
"245" 119.15396915666 1919.51990707013 0
"246" 119.479931909902 2008.72359873272 0
"247" 119.063829792937 1932.83390602912 0
"248" 119.648822153594 1949.0219800482 0
"249" 120.391620159624 2034.58563548222 0
"250" 120.440387860991 2068.96160257112 0
"251" 118.762387021129 1908.06085012978 0
"252" 119.70094504853 1994.76207763579 0
"253" 119.157404967937 1891.51679958048 0
"254" 121.748970290353 2244.31671620591 0
"255" 119.275583252062 1906.8685284606 0
"256" 119.42223492227 1966.03514094854 0
"257" 120.043073022782 2022.00918876274 0
"258" 118.161525936632 1789.88424326429 0
"259" 120.309158159922 2028.557705456 0
"260" 121.222748822697 2134.88440395515 0
"261" 119.825150184956 1987.23591997069 0
"262" 120.65709123946 2025.01790582727 0
"263" 119.357217540834 1942.51466799973 0
"264" 120.464376752615 2053.88542412695 0
"265" 119.678098489806 1973.14027987113 0
"266" 118.942664679341 1902.98131130776 0
"267" 122.095877249519 2217.71573167604 0
"268" 120.80628459423 2075.67251816239 0
"269" 120.125515733638 2027.97739159416 0
"270" 121.291505327152 2157.0375449686 0
"271" 120.778554512989 2139.08687893167 0
"272" 119.45211478023 1979.70624683291 0
"273" 119.874940711981 2049.6499826366 0
"274" 120.736236418053 2062.13398568181 0
"275" 120.242504947846 2028.31816095013 0
"276" 118.057544534301 1838.84124086062 0
"277" 121.313189272791 2084.95910686731 0
"278" 117.759553326281 1850.26648171211 0
"279" 120.700495780138 2076.97979750146 0
"280" 118.730255013564 1876.99224402222 0
"281" 117.983355521545 1822.02488853487 0
"282" 121.216189443755 2123.35723549315 0
"283" 119.030101549159 1987.21330885145 0
"284" 121.809008847616 2169.94058973535 0
"285" 120.416448857454 2086.35787766036 0
"286" 120.166928064573 2008.39300429032 0
"287" 120.120052473758 1962.69730831653 0
"288" 120.206819287092 2022.53011464333 0
"289" 119.441043887884 1922.40144525982 0
"290" 119.91944283471 1992.29785659816 0
"291" 120.300036140915 2004.20180164644 0
"292" 119.129917090363 1964.6335527152 0
"293" 119.436266154464 1941.54150673258 0
"294" 118.952497331264 1942.58179599541 0
"295" 120.821277756283 2085.16384791049 0
"296" 118.334151324096 1798.68002660556 0
"297" 118.797134562304 1891.25097659329 0
"298" 119.840364314386 1972.9931781834 0
"299" 119.48269978966 1939.94447902608 0
"300" 121.757054593981 2159.70639910034 0
"301" 118.179829628293 1834.17738302546 0
"302" 119.453043016242 1969.50160731965 0
"303" 120.722838198045 2106.21563283033 0
"304" 121.122758833076 2113.30853373192 0
"305" 118.936666148558 1928.94602030992 0
"306" 120.218620148123 2047.18290680008 0
"307" 120.937883887041 2104.29235962436 0
"308" 120.59389749621 2029.87819233354 0
"309" 120.169846702603 2031.61558105319 0
"310" 121.702563782692 2156.56065338814 0
"311" 120.122077647348 1993.73090572302 0
"312" 120.927284169853 2093.92606554532 0
"313" 121.271752039164 2149.54761105658 0
"314" 120.069085386911 1970.21831244235 0
"315" 120.804646000413 2087.8593053941 0
"316" 119.986968932774 2003.66010161116 0
"317" 119.842164382167 1975.59046470978 0
"318" 119.158820643538 1909.95048142982 0
"319" 121.531230261787 2123.35840237083 0
"320" 121.245619044697 2109.01419461904 0
"321" 122.681271624096 2256.82974197309 0
"322" 119.674805047924 2010.64581949445 0
"323" 120.54378923486 2080.64465954852 0
"324" 121.942654315523 2190.621564019 0
"325" 120.123898134786 2033.35499965429 0
"326" 120.942556580338 2078.08296390766 0
"327" 118.968299689072 1888.06311550524 0
"328" 119.598663652783 1975.69766048685 0
"329" 120.260982646872 2027.9422010749 0
"330" 119.957614679047 1962.88292396237 0
"331" 118.927195040492 1871.56332402246 0
"332" 119.871452096152 1977.97440895281 0
"333" 119.718823723027 1977.86901777595 0
"334" 120.649609934455 2014.06950418964 0
"335" 118.96227440314 1905.9884769749 0
"336" 121.095391492032 2128.8653782289 0
"337" 120.872580014 2062.33860790882 0
"338" 119.228888879979 1878.29553760773 0
"339" 120.263948162023 2028.85085184106 0
"340" 121.152879573389 2112.01430062638 0
"341" 119.418821427079 1943.93498628032 0
"342" 120.067438359539 2018.86173825162 0
"343" 119.448293920907 1935.09384859894 0
"344" 119.685868951066 1992.94132941097 0
"345" 119.613953581131 1982.42547134952 0
"346" 119.540172448148 2026.61190491999 0
"347" 120.302771168396 2038.62018684231 0
"348" 118.393666362129 1837.80406582019 0
"349" 119.704231334024 1963.83339622564 0
"350" 119.54189163792 1956.46886432909 0
"351" 121.441344471524 2172.29977002337 0
"352" 117.839639096384 1825.58503467212 0
"353" 120.002837594922 2009.05973767155 0
"354" 120.416104192936 2024.32872039533 0
"355" 121.46284159151 2146.20756803881 0
"356" 118.591859402538 1864.67800518127 0
"357" 121.153164974728 2146.75727242052 0
"358" 118.148651007407 1801.14964718166 0
"359" 119.79141523059 2001.06454797698 0
"360" 119.140261237909 1917.23208974055 0
"361" 120.800602829059 2066.51375448929 0
"362" 120.372681527133 2031.14305068392 0
"363" 120.582729206621 2069.95788503456 0
"364" 119.041063351705 1892.71643506711 0
"365" 120.956836832029 2120.99492907261 0
"366" 118.547803137057 1914.34266908775 0
"367" 119.121295569377 1982.35107940552 0
"368" 120.582273030106 2038.02204785225 0
"369" 119.662530856246 1924.45148118186 0
"370" 119.003537341821 1961.68309274724 0
"371" 119.212762762193 1913.14747383205 0
"372" 121.716996824016 2175.3239970199 0
"373" 120.903292585116 2125.63008291402 0
"374" 119.558235170775 1924.18406241841 0
"375" 121.469824414094 2121.95438029051 0
"376" 118.647498828823 1892.28222403568 0
"377" 120.24106383933 1995.19875241478 0
"378" 119.462533319659 1940.99038752433 0
"379" 121.557697726064 2145.16442455311 0
"380" 120.139052882714 1994.9392643835 0
"381" 119.565416307686 1894.68454527957 0
"382" 118.780620787578 1846.55559251705 0
"383" 120.414844255132 2021.30766019043 0
"384" 117.758713376629 1777.56797657209 0
"385" 120.217925160518 2013.6343914729 0
"386" 119.488661236428 1933.59641250791 0
"387" 119.011097155309 1899.35379319274 0
"388" 120.483640816472 1994.14624207352 0
"389" 119.832785043047 1936.87932911141 0
"390" 118.818138620166 1899.60943191385 0
"391" 120.65690037648 2077.73888323495 0
"392" 118.541347661378 1820.32285424334 0
"393" 119.622038243809 1967.11987125418 0
"394" 120.294102026537 2043.96597546721 0
"395" 119.843744135541 2003.86689148602 0
"396" 120.022634016193 1998.49031164957 0
"397" 119.471303740563 1957.30948182603 0
"398" 120.22202516139 2010.92068009479 0
"399" 119.88152961612 2008.29813618362 0
"400" 118.69924970464 1904.76451968983 0
"401" 119.234008745086 1953.85274285526 0
"402" 119.188813422245 1908.95793899512 0
"403" 119.487791632002 1950.7520843417 0
"404" 119.793701430395 1994.57468714626 0
"405" 122.351073533098 2191.9643020567 0
"406" 120.778678308857 2059.47348726417 0
"407" 120.621971447062 2031.76270784585 0
"408" 119.530017310979 1957.43523018801 0
"409" 120.127259994394 1995.10285417763 0
"410" 118.822967611537 1915.87725023499 0
"411" 121.431614585576 2146.31616404971 0
"412" 121.235898867146 2124.58129882421 0
"413" 120.718378866629 2085.90065552969 0
"414" 119.508502682079 2021.44152110858 0
"415" 119.312207377174 1916.70491700775 0
"416" 119.069740513962 1918.10224637942 0
"417" 120.062153232006 2043.51269242213 0
"418" 121.499447347884 2134.18675081773 0
"419" 119.91995670751 2017.90264734571 0
"420" 120.379942085079 2034.18671158667 0
"421" 120.420690062429 2032.7413495304 0
"422" 119.764784754119 1959.71680798981 0
"423" 121.443846029084 2188.43763909951 0
"424" 120.608411732972 2079.95620427028 0
"425" 118.618927591464 1929.21990330179 0
"426" 120.082507422041 2028.59774436963 0
"427" 119.516013472448 1926.68508386344 0
"428" 120.22579413179 1984.90823696821 0
"429" 119.217266124838 1938.20170398096 0
"430" 119.909708568704 2073.79180301351 0
"431" 119.661996366194 1951.1729734223 0
"432" 120.071263775848 2008.87142702141 0
"433" 119.629440324289 1982.95088883152 0
"434" 119.222629586835 1897.35890072501 0
"435" 120.815428478001 2118.45848452038 0
"436" 120.641305827046 1992.19305506604 0
"437" 121.615863887595 2180.82738639429 0
"438" 117.867387004522 1855.30625511524 0
"439" 119.569487594588 1976.88153958707 0
"440" 119.462102150551 1925.77212675845 0
"441" 121.114307490985 2109.59603583896 0
"442" 119.38335910467 1963.76954936406 0
"443" 119.357900631573 1932.48471232527 0
"444" 120.300866194903 2036.26292422176 0
"445" 120.058205987737 2032.84873542151 0
"446" 120.320648687711 2009.61534696405 0
"447" 122.009623142032 2191.16103439151 0
"448" 120.939815126788 2123.03816285287 0
"449" 119.997452742204 2002.73827619094 0
"450" 120.51003223521 2098.68610108785 0
"451" 121.515528017143 2116.40463556369 0
"452" 118.385579838661 1899.29921115649 0
"453" 118.952823607554 1922.17975849374 0
"454" 120.606591580098 2092.71736684006 0
"455" 120.822550880663 2077.85408348437 0
"456" 120.247795275012 2021.49091541219 0
"457" 122.305080078815 2196.26386103092 0
"458" 120.306392919066 2013.13281834534 0
"459" 121.384394285781 2150.54660010725 0
"460" 118.667749692959 1873.0892179622 0
"461" 120.408925617945 2061.91223037771 0
"462" 119.210315200285 1954.08995362807 0
"463" 117.758994626036 1776.4952953867 0
"464" 116.888170065512 1694.68862679729 0
"465" 120.362790488528 2050.57258008596 0
"466" 118.430983600681 1823.88452971649 0
"467" 117.67744231334 1780.6993788509 0
"468" 120.405464575087 2040.80593500825 0
"469" 121.617839286998 2125.34646202365 0
"470" 120.218854372163 1983.34334355971 0
"471" 120.860407533099 2068.90849859436 0
"472" 119.727182076552 1950.84656121636 0
"473" 120.414485259268 2059.04555600147 0
"474" 119.47232993645 1947.35045301394 0
"475" 119.181803902732 1952.86534137529 0
"476" 120.097026978932 2033.76324708365 0
"477" 118.835009370582 1874.52559822105 0
"478" 118.01472422467 1799.27851266437 0
"479" 120.510638558852 2029.15383675795 0
"480" 120.100049831497 1967.34490359689 0
"481" 117.936348725845 1854.27840318662 0
"482" 121.437829302636 2156.90082124103 0
"483" 119.822605829159 2014.20759158493 0
"484" 119.191543865804 1921.78473726625 0
"485" 118.544260926289 1875.20961895434 0
"486" 117.91439322627 1794.37327857943 0
"487" 119.489167773922 1995.9768896818 0
"488" 118.863040183942 1931.42332320161 0
"489" 118.655215260816 1892.58146441327 0
"490" 120.410964069739 2059.0947173223 0
"491" 121.879380199903 2179.14343861735 0
"492" 121.790155902969 2115.8041085732 0
"493" 119.941634317228 1976.40581613544 0
"494" 121.041062563619 2118.52647382734 0
"495" 117.714125105219 1834.97982056625 0
"496" 120.334129469507 2033.32692316251 0
"497" 122.059784063793 2138.81074902312 0
"498" 119.618849349935 2029.05287526433 0
"499" 120.183944326644 2035.17885923248 0
"500" 118.967808403559 1886.51474805697 0
"501" 154.229431212943 1895.89426071475 1
"502" 173.317087068041 2256.40549862573 1
"503" 158.793987844544 1976.82295433374 1
"504" 146.784282227816 1750.02211002121 1
"505" 158.771393444186 1976.87387168857 1
"506" 157.714042046871 1948.49705108996 1
"507" 160.058350377849 2008.62646063845 1
"508" 166.967353791542 2127.46724250362 1
"509" 152.701310518014 1871.04000652128 1
"510" 163.146292701234 2062.48030972537 1
"511" 165.141055937008 2109.63964309712 1
"512" 160.652258780259 2011.70143060307 1
"513" 158.586965909656 1984.65676918554 1
"514" 162.940227218872 2057.79456040605 1
"515" 158.71550486709 1977.51037207905 1
"516" 156.291096842849 1941.70446942485 1
"517" 159.850345249318 1985.69463580287 1
"518" 164.298917696102 2082.39997112426 1
"519" 165.256818183437 2085.87465552083 1
"520" 162.438697372401 2068.64249245678 1
"521" 168.496394063306 2186.11852612478 1
"522" 160.468418982549 2010.48700110124 1
"523" 155.103730135367 1887.2935225135 1
"524" 157.747527302728 1952.90394488818 1
"525" 153.603339876288 1863.03028841846 1
"526" 168.558543789191 2146.68832761537 1
"527" 157.696213639372 1974.15726328799 1
"528" 166.327516506662 2138.91079027597 1
"529" 159.426615061327 1997.08887217271 1
"530" 149.674261214168 1806.96830234798 1
"531" 161.991059123298 2050.51503689312 1
"532" 162.879089567309 2056.43860681461 1
"533" 161.845304385611 2054.76578075957 1
"534" 154.282854904771 1877.17132054123 1
"535" 161.948007662694 2051.67980623202 1
"536" 161.442718310775 2046.04551936873 1
"537" 151.173594813355 1843.58160095107 1
"538" 162.613495875561 2058.05363532576 1
"539" 161.466830930984 2026.94127192572 1
"540" 159.446064312529 2007.56663595307 1
"541" 159.538543877465 2003.85215699885 1
"542" 160.063939106183 1999.45091411975 1
"543" 171.30242470144 2219.42479402827 1
"544" 157.376429643654 1969.20723819055 1
"545" 162.0327628473 2053.40036777816 1
"546" 157.202033010589 1937.43130835696 1
"547" 159.88774036988 1987.0506295553 1
"548" 157.362690746883 1948.99823087668 1
"549" 161.318294947009 2025.12894974812 1
"550" 159.264084831551 1993.24495853223 1
"551" 157.628491010017 1958.13625148763 1
"552" 165.259603475966 2101.93307506976 1
"553" 158.908550133164 1997.32605173405 1
"554" 155.982018571459 1923.94967038824 1
"555" 154.177762587628 1891.62918783499 1
"556" 156.658805261014 1952.82277033862 1
"557" 163.112914872675 2056.43087870009 1
"558" 166.037270326029 2095.3133873166 1
"559" 160.715339659955 2040.83897951278 1
"560" 153.36745019511 1896.98949851665 1
"561" 165.593335655123 2102.38006558597 1
"562" 156.468522953504 1943.75666494703 1
"563" 160.644807210545 2027.01933217151 1
"564" 157.619435026628 1957.11244922513 1
"565" 159.202382478348 1978.18899262504 1
"566" 167.988405018341 2150.17437349066 1
"567" 157.032109854284 1961.74384667696 1
"568" 156.220368094555 1910.21395678184 1
"569" 160.317265123718 2024.56513439274 1
"570" 163.408357915659 2049.90768482679 1
"571" 161.068819039118 2005.05402581959 1
"572" 167.718567154187 2154.92036426579 1
"573" 153.799866753015 1874.23627039444 1
"574" 162.437106199705 2045.56381397409 1
"575" 155.712221237178 1914.98765112808 1
"576" 152.982198746061 1869.75236526688 1
"577" 165.567460142682 2132.4719125107 1
"578" 159.182995168324 1973.25055519063 1
"579" 154.328328107574 1873.40430657107 1
"580" 169.148826182777 2170.1647949866 1
"581" 153.242671781445 1872.68144523939 1
"582" 156.786144074434 1964.92189879944 1
"583" 152.988216742044 1875.24925496009 1
"584" 151.709217008227 1834.0864192341 1
"585" 156.619701911759 1936.73298081974 1
"586" 169.209974770942 2172.36191426096 1
"587" 161.322553065107 2036.96359514822 1
"588" 170.35473598365 2228.73138568979 1
"589" 163.529148066876 2066.88436219856 1
"590" 157.149563553146 1961.78253067889 1
"591" 149.864114957061 1804.06259370309 1
"592" 156.238638080341 1923.57717556019 1
"593" 161.299197878118 2040.19420960491 1
"594" 153.678788529925 1885.05043341088 1
"595" 169.488616358853 2202.50976253231 1
"596" 161.224708337498 2025.97575758439 1
"597" 156.174746953478 1927.39307711096 1
"598" 164.982518167927 2108.13659760766 1
"599" 156.414412119684 1939.06911004166 1
"600" 159.953378984183 1998.47303297976 1
"601" 153.874009984374 1889.80181516264 1
"602" 160.033436064387 1998.79309339864 1
"603" 161.999708032786 2063.81641438778 1
"604" 168.663868178586 2173.06002791166 1
"605" 159.391858110934 1995.36767019648 1
"606" 154.193361225133 1876.23040670589 1
"607" 157.167210392988 1949.96187749184 1
"608" 160.290702669746 2018.69756718272 1
"609" 160.166603849634 2004.28821225128 1
"610" 153.457294394252 1881.15594647155 1
"611" 165.656584263302 2109.43789918678 1
"612" 166.265351840277 2112.91214517342 1
"613" 160.800552619408 2027.76841384646 1
"614" 165.867061784484 2133.8727585457 1
"615" 167.95807029283 2164.16405803769 1
"616" 156.919738333245 1929.96313495129 1
"617" 166.434891819593 2115.32757062165 1
"618" 159.646017551097 1994.84386475537 1
"619" 164.030493009092 2089.84055320972 1
"620" 163.93131325082 2085.55280213003 1
"621" 162.115767524233 2066.63824425289 1
"622" 165.332428489169 2111.76968853262 1
"623" 156.282383373327 1927.55322688253 1
"624" 159.291344174998 1963.9802746311 1
"625" 154.700098863257 1907.31744978049 1
"626" 161.936912045347 2040.36041043719 1
"627" 160.312627550376 2014.56803871863 1
"628" 156.299138512394 1935.48847705662 1
"629" 157.907950161263 1983.86487911776 1
"630" 154.603941726472 1877.97882177982 1
"631" 161.186627612609 2036.75811243523 1
"632" 154.717377554167 1897.15873020514 1
"633" 155.267734577059 1916.89444811347 1
"634" 159.101651110471 2003.93048419932 1
"635" 154.295401534848 1901.91829123934 1
"636" 161.691260203186 2028.12422675372 1
"637" 161.417635101058 2028.19670547688 1
"638" 165.38501795541 2111.31767791792 1
"639" 158.993843262186 1984.30869829235 1
"640" 154.144590788415 1895.07094923867 1
"641" 162.397375280381 2046.31168793956 1
"642" 162.044703015186 2058.95675181107 1
"643" 155.556654676321 1909.2120682322 1
"644" 169.098063906045 2184.57191275827 1
"645" 158.462332712873 1980.92327458374 1
"646" 158.993094111138 1980.20025908181 1
"647" 160.000679479077 2004.96514422547 1
"648" 163.386764280044 2076.91051339052 1
"649" 156.41882945959 1930.25589031728 1
"650" 158.415373993458 1979.71696160583 1
"651" 160.124914380769 2019.65735787084 1
"652" 152.479812533818 1862.2415818926 1
"653" 155.366170205684 1901.69737879864 1
"654" 159.17606590539 1989.12460716555 1
"655" 167.704077888945 2179.63513187799 1
"656" 142.980623612398 1639.02211759299 1
"657" 159.521355030042 2003.90577754423 1
"658" 162.822285260768 2066.17283726387 1
"659" 157.353562551031 1946.07094465728 1
"660" 161.587157067734 2034.38841739735 1
"661" 159.544656554243 2007.08589728722 1
"662" 157.854548131752 1964.57764215353 1
"663" 165.999537053887 2120.69550535457 1
"664" 161.599461551348 2050.51503689312 1
"665" 163.090000130739 2058.05363532576 1
"666" 163.106247140508 2082.80081029208 1
"667" 157.579308548178 1964.39151953731 1
"668" 155.869975895066 1927.86339433141 1
"669" 152.609048982567 1855.57861071678 1
"670" 166.867932186783 2165.03526180655 1
"671" 148.333704849609 1758.05372387855 1
"672" 157.131255244149 1958.02668728796 1
"673" 155.570487859435 1915.90042680962 1
"674" 162.557931333702 2058.0786237442 1
"675" 160.0756322635 1997.32605173405 1
"676" 171.631161276747 2244.36993319081 1
"677" 148.416038400135 1772.50469376966 1
"678" 159.502248722829 1985.28880467394 1
"679" 168.157126512923 2166.4698285553 1
"680" 159.473851896956 1974.01501178125 1
"681" 166.297288837158 2146.30175161599 1
"682" 149.500965625506 1782.12914838578 1
"683" 160.077116722965 1995.19707162305 1
"684" 165.033431302634 2100.16696307203 1
"685" 166.461649108468 2144.93592258106 1
"686" 162.456171086841 2047.67263533223 1
"687" 165.059435757977 2097.99132856394 1
"688" 159.728275293202 2006.96268985213 1
"689" 158.062353198274 1961.06080336105 1
"690" 153.488106178128 1882.71915270881 1
"691" 166.191451061103 2140.28831983599 1
"692" 169.335844151765 2196.90358486282 1
"693" 152.416895323641 1874.23627039444 1
"694" 155.958355456695 1914.98765112808 1
"695" 165.694983675879 2110.33034601261 1
"696" 158.18379590853 1961.1860184601 1
"697" 163.366304362331 2079.96148459537 1
"698" 157.382408699512 1949.29399677172 1
"699" 158.967837983444 1993.68432672591 1
"700" 156.728973732641 1938.62211238599 1
"701" 161.214123428431 2039.87972971719 1
"702" 160.055373783193 2006.05823453195 1
"703" 154.127608878186 1880.75342604366 1
"704" 156.313046495134 1919.08251318913 1
"705" 161.562413981192 2026.12276983617 1
"706" 158.328893626109 1982.10846149663 1
"707" 152.604799258369 1851.81847489166 1
"708" 161.505716918372 2026.50446387768 1
"709" 164.24015742337 2095.95295232338 1
"710" 154.152996554545 1877.76138587198 1
"711" 164.060260078681 2100.09663044081 1
"712" 156.380532508272 1930.1439650143 1
"713" 160.8748697845 2018.04318381736 1
"714" 166.747557111812 2127.99552189877 1
"715" 152.808126168458 1874.36393571093 1
"716" 159.78966788023 2003.23883673934 1
"717" 163.423952167964 2066.88436219856 1
"718" 158.385910754853 1967.21392770564 1
"719" 156.013906807425 1923.57717556019 1
"720" 160.675857421234 2040.19420960491 1
"721" 163.354743449073 2064.48649931783 1
"722" 162.763778651498 2049.54213169707 1
"723" 165.656721662099 2107.14189108631 1
"724" 159.718906750786 1972.73483398674 1
"725" 169.600321419248 2197.11710311134 1
"726" 168.009003801027 2158.62333734085 1
"727" 167.647977966155 2146.70285441616 1
"728" 155.842112023619 1928.88016934446 1
"729" 160.287649928492 2008.1032800201 1
"730" 160.854502611634 2009.25397575699 1
"731" 153.65194702909 1861.24477012216 1
"732" 160.456610782185 2027.26177051796 1
"733" 159.74695859898 2007.12908119142 1
"734" 157.107114162146 1941.11243713065 1
"735" 153.758745742741 1872.04384136723 1
"736" 160.867086755077 2021.69993207961 1
"737" 168.06485334522 2156.87311079226 1
"738" 163.728250087603 2086.97920603406 1
"739" 159.041904804738 1976.25193483874 1
"740" 175.869867045452 2320.80102915388 1
"741" 156.322572278607 1946.07539909601 1
"742" 163.190336831221 2058.32839442531 1
"743" 157.502487753343 1942.58533199377 1
"744" 158.237482206448 1986.12423720769 1
"745" 155.718325316434 1911.99398760594 1
"746" 159.339392251966 1985.67501966972 1
"747" 162.113406951869 2049.72173636081 1
"748" 163.752784243378 2058.31979484348 1
"749" 157.370396124067 1936.06963687938 1
"750" 162.732562661517 2046.54441149989 1
"751" 165.495150345326 2109.1044499057 1
"752" 165.254417534545 2092.76944095129 1
"753" 159.444503699535 2014.26073776304 1
"754" 162.873374897944 2048.51999757212 1
"755" 160.944777169057 2012.89692615443 1
"756" 159.129401720731 1992.78844698329 1
"757" 154.185053789453 1907.06921701561 1
"758" 169.410520095737 2196.825166713 1
"759" 166.602085538907 2125.79326205378 1
"760" 164.241349842554 2080.89061760095 1
"761" 156.803908904528 1949.98948955834 1
"762" 158.093739376379 1979.48425939055 1
"763" 167.70137894022 2141.05834174253 1
"764" 161.215607260375 2038.79828876987 1
"765" 163.803085837944 2058.36808641955 1
"766" 166.530898650144 2146.50886804519 1
"767" 163.072978777919 2055.3852432666 1
"768" 154.47451667957 1907.56562608344 1
"769" 150.042496510741 1795.24526880754 1
"770" 152.802988320986 1862.08589412037 1
"771" 165.826218090912 2125.0333653392 1
"772" 154.900460989201 1897.08438016652 1
"773" 163.601018617889 2056.92274116583 1
"774" 158.7112540273 1984.30869829235 1
"775" 152.532399825844 1869.29081733847 1
"776" 154.65954525639 1895.89426071475 1
"777" 157.646382689596 1963.08945906158 1
"778" 154.136013818318 1905.12245402556 1
"779" 157.247411873661 1948.49705108996 1
"780" 160.957307064612 2036.35207970351 1
"781" 157.271081780414 1955.5240896683 1
"782" 160.506251119452 2036.7319889414 1
"783" 160.406527609878 2019.65735787084 1
"784" 164.698537183735 2099.64947255446 1
"785" 156.462110461158 1941.70446942485 1
"786" 158.651161451297 1961.97962509487 1
"787" 159.818205705975 2024.14104080335 1
"788" 159.452407587498 1989.12460716555 1
"789" 157.274395671626 1966.65998430401 1
"790" 158.457302489038 1984.21789327562 1
"791" 164.843974877792 2119.93608999861 1
"792" 156.29959164703 1932.283848962 1
"793" 155.553953706194 1915.57236445197 1
"794" 159.44457118563 1974.15726328799 1
"795" 162.564164271678 2033.20614464852 1
"796" 157.248397029513 1957.62755722493 1
"797" 163.937026837446 2085.4371164866 1
"798" 157.196288272341 1961.20094233649 1
"799" 165.739694214754 2102.63310116267 1
"800" 162.690686852794 2059.90503387417 1
"801" 161.333696577017 2046.231468622 1
"802" 150.922555937719 1830.61004072621 1
"803" 163.785703680188 2079.55940373555 1
"804" 152.079043576091 1849.57271534252 1
"805" 160.183907170543 1998.92510835767 1
"806" 156.605866634921 1929.72896147805 1
"807" 153.69647437616 1870.62204571593 1
"808" 152.621298367902 1858.76964266287 1
"809" 167.198516034394 2138.91245873088 1
"810" 160.634099419675 2016.95270974666 1
"811" 155.15502182261 1915.66714486696 1
"812" 155.338894075865 1933.8266348992 1
"813" 164.482095967774 2095.3133873166 1
"814" 160.165037457932 1991.41313616172 1
"815" 161.807288130747 2044.83131997715 1
"816" 161.091424524024 2038.3777955102 1
"817" 170.625643422192 2214.17696520114 1
"818" 158.614438475778 1974.01501178125 1
"819" 147.659914524545 1750.96828275475 1
"820" 155.584403380174 1916.42916310617 1
"821" 162.875001759673 2065.49986683647 1
"822" 157.299086659463 1962.19541556726 1
"823" 164.181896646566 2110.33034601261 1
"824" 159.363041960321 2021.01337018922 1
"825" 166.27243836464 2112.37643128324 1
"826" 158.571131380474 1993.68432672591 1
"827" 151.22027643516 1819.1748855716 1
"828" 152.956656577282 1851.81847489166 1
"829" 161.096111805666 2019.06306992993 1
"830" 162.5724245932 2069.07511374922 1
"831" 149.628370146787 1813.60552642052 1
"832" 153.917312801813 1877.76138587198 1
"833" 153.657640310847 1874.32674595727 1
"834" 154.449585117591 1912.33111207536 1
"835" 159.376344463949 1954.5629646018 1
"836" 162.049777596244 2038.31836613307 1
"837" 166.350121655813 2128.10330108935 1
"838" 162.786100048656 2061.28343964442 1
"839" 153.657751142935 1874.09371230242 1
"840" 158.962931580427 2003.23883673934 1
"841" 163.621413148536 2074.72703256954 1
"842" 163.387118732731 2065.24335581679 1
"843" 162.17160742969 2028.02799899245 1
"844" 156.761251488191 1935.30438817045 1
"845" 161.451616229943 2040.19420960491 1
"846" 163.268071948154 2051.84790436223 1
"847" 163.013831231533 2071.37142959841 1
"848" 156.207977850551 1928.55843677074 1
"849" 161.58676273996 2029.46141231158 1
"850" 165.633421547214 2085.94731666054 1
"851" 170.484413183554 2209.26278895946 1
"852" 162.201350705781 2038.6942896235 1
"853" 150.584857394707 1809.62575920946 1
"854" 162.887076214759 2044.05410466782 1
"855" 158.482642947809 1978.09385654763 1
"856" 163.617543570676 2108.13659760766 1
"857" 165.279299357819 2084.52308373512 1
"858" 156.12802074002 1933.20576552498 1
"859" 157.300531092419 1937.64505042353 1
"860" 155.702455229137 1893.5595809381 1
"861" 158.237287503337 1972.9801760848 1
"862" 160.646211069804 2025.38962750567 1
"863" 161.490859301073 2035.42249101933 1
"864" 158.861638014619 1995.36767019648 1
"865" 160.563256057741 2013.90391229337 1
"866" 155.421866059269 1914.30600856206 1
"867" 154.594087919955 1908.60755468878 1
"868" 156.11207171633 1949.96187749184 1
"869" 151.772227952335 1860.43778731233 1
"870" 159.960458716125 1979.49935717605 1
"871" 166.860336565571 2116.22898345714 1
"872" 165.331838491497 2078.82654998687 1
"873" 164.65355976266 2102.9889422904 1
"874" 167.209691887993 2133.8727585457 1
"875" 154.536850869213 1886.88267603326 1
"876" 160.269955668583 2002.10176938627 1
"877" 165.084506843976 2113.29141024552 1
"878" 159.426533991616 1982.82851993874 1
"879" 156.535410970724 1937.45197640622 1
"880" 155.051395128959 1900.30333357154 1
"881" 158.480272133038 1959.23686969229 1
"882" 175.822421741191 2313.84063958018 1
"883" 165.75162967552 2111.76968853262 1
"884" 161.962197965722 2013.41284880727 1
"885" 158.210361334439 1963.9802746311 1
"886" 155.484204376826 1907.31744978049 1
"887" 165.921243741943 2125.79326205378 1
"888" 157.080989720728 1955.06334422642 1
"889" 156.073867466052 1919.11148498557 1
"890" 158.30854314231 1964.57916250768 1
"891" 159.79648836433 1989.62201233027 1
"892" 153.298408528334 1877.97882177982 1
"893" 170.039062288804 2221.17333272917 1
"894" 161.221604372581 2020.46540226394 1
"895" 170.995861691935 2231.18850735397 1
"896" 157.889055550891 1972.68818883327 1
"897" 156.728131843488 1950.86457720689 1
"898" 170.749947673045 2223.24691357285 1
"899" 166.513711414579 2125.0333653392 1
"900" 154.725716835508 1894.2435929738 1
"901" 160.114861035296 2008.32292550046 1
"902" 166.014455213254 2111.31767791792 1
"903" 153.09780054064 1869.29081733847 1
"904" 166.773804223067 2151.20966567517 1
"905" 162.820537345347 2063.95709202327 1
"906" 159.862294530442 2008.62646063845 1
"907" 162.170805082194 2062.48030972537 1
"908" 157.696484590949 1964.9078981589 1
"909" 167.561243672059 2175.52549970402 1
"910" 157.502702217498 1956.17675597213 1
"911" 159.395304629947 1980.25358515373 1
"912" 161.479976558264 2024.14104080335 1
"913" 163.240040239024 2064.71280342307 1
"914" 158.602850155927 1973.3549505854 1
"915" 162.759149334427 2038.9003674912 1
"916" 163.516299202347 2075.05879832889 1
"917" 166.244263518604 2125.20389921882 1
"918" 158.775636243407 1972.81689943735 1
"919" 166.83607095156 2125.51107739471 1
"920" 159.202977440752 1974.15726328799 1
"921" 157.421158605142 1964.57764215353 1
"922" 159.487788361191 1993.00495002426 1
"923" 148.764245388019 1782.1808266488 1
"924" 166.670207324889 2136.25068950903 1
"925" 159.975195154221 1992.5137727116 1
"926" 162.609337489046 2053.79094124375 1
"927" 158.865128907693 1978.16161281516 1
"928" 157.469143228879 1963.15587170987 1
"929" 155.233891888156 1894.44494875093 1
"930" 156.986395427233 1958.46078377322 1
"931" 163.508281849879 2068.91873574984 1
"932" 158.644456155241 1993.24495853223 1
"933" 156.489929829446 1915.90042680962 1
"934" 154.911005527165 1901.67852715796 1
"935" 156.891483917674 1968.08501358216 1
"936" 155.19296429009 1895.16492081166 1
"937" 157.603481865971 1946.27879576045 1
"938" 159.791305838752 1996.70196538052 1
"939" 152.019566904331 1855.21616706106 1
"940" 161.545771914688 2057.28227173006 1
"941" 160.326476775932 2006.95735180922 1
"942" 163.892053010822 2080.97740493815 1
"943" 154.373236896483 1895.29405830043 1
"944" 163.168315160827 2055.51482343614 1
"945" 152.565108160886 1871.96509571145 1
"946" 160.543637103904 2028.6888350355 1
"947" 159.951763518346 2021.47660529877 1
"948" 169.723035211751 2189.86763589309 1
"949" 155.393179367417 1922.77551835028 1
"950" 163.410091294871 2050.72332060191 1
"951" 159.258546778827 1985.22702450576 1
"952" 159.028735246445 1987.54441822888 1
"953" 157.639998507039 1943.63997268047 1
"954" 156.537174461828 1940.28366599397 1
"955" 149.594758942423 1806.82832082535 1
"956" 154.765450053511 1912.33111207536 1
"957" 163.303695088039 2088.37760276763 1
"958" 156.789807441552 1936.20352903533 1
"959" 157.853768989035 1973.10715534809 1
"960" 159.932773238802 2001.96141078042 1
"961" 158.019065596385 1953.69710468941 1
"962" 159.760816489385 1992.31334017469 1
"963" 163.307582054326 2078.11710392849 1
"964" 162.203248249162 2037.90791639167 1
"965" 159.374843211358 1995.6971008259 1
"966" 164.594070070881 2084.52308373512 1
"967" 157.760997645883 1959.19622518058 1
"968" 160.332192048557 2019.95218323038 1
"969" 161.712777021395 2025.38962750567 1
"970" 159.908476134111 1997.87635851623 1
"971" 163.159643410765 2078.59704318387 1
"972" 154.004800331818 1887.54755161159 1
"973" 168.218364453008 2164.90508936167 1
"974" 163.704914188991 2086.97920603406 1
"975" 158.518178001538 1972.04979290836 1
"976" 164.922627072075 2128.44104738393 1
"977" 160.871487967838 2011.87580863615 1
"978" 165.657684834916 2128.55983562081 1
"979" 170.130094018517 2211.24806798905 1
"980" 162.94391617499 2034.58729244653 1
"981" 151.846865980586 1836.08821947192 1
"982" 168.267490332258 2162.13717869698 1
"983" 152.381053811803 1854.9150154768 1
"984" 161.088506840484 2029.28122699286 1
"985" 156.194570819243 1921.20936725751 1
"986" 159.245901738761 1981.73494298979 1
"987" 161.528905987041 2019.32529177053 1
"988" 165.627279518445 2097.05855715826 1
"989" 165.801041043525 2132.6842313826 1
"990" 168.302179580983 2171.79778150295 1
"991" 164.997856783932 2112.2799491052 1
"992" 158.526636877049 1978.40111875306 1
"993" 160.203989442748 2012.95240195028 1
"994" 162.820199730472 2052.51837332433 1
"995" 159.797226199422 2003.93048419932 1
"996" 164.233984579605 2080.83303896129 1
"997" 156.501727617203 1934.90930017715 1
"998" 168.240251768182 2175.30401850439 1
"999" 156.879946319531 1948.51389379824 1
"1000" 166.144453325674 2125.0333653392 1
