"ysrs" "birthsrs" "racesrs"
"1" 157.842249198022 1976.25193483874 1
"2" 152.966778258451 1881.52020395694 1
"3" 159.318122258921 1988.86528251711 1
"4" 167.16235440827 2140.15659094163 1
"5" 155.19551020152 1907.38437770805 1
"6" 156.288040464932 1921.40530966227 1
"7" 119.700591123089 1950.89016530323 0
"8" 156.835086886214 1952.34507941471 1
"9" 166.746530006429 2139.59103355471 1
"10" 160.734512630836 2028.89002832813 1
"11" 120.306348528857 2039.67698140432 0
"12" 166.27243836464 2112.37643128324 1
"13" 120.43931974049 2018.08699594802 0
"14" 160.980503947362 2002.7645967094 1
"15" 150.620009145249 1822.34371764779 1
"16" 120.832212081115 2093.42256303737 0
"17" 120.396563086908 1984.46794035996 0
"18" 158.726729482667 2008.41650787686 1
"19" 150.322932677448 1806.10895612097 1
"20" 160.535579797746 1989.12460716555 1
"21" 119.64103668517 1992.3795237098 0
"22" 172.206450747142 2267.88713766317 1
"23" 119.284216183647 1935.26953669109 0
"24" 121.951391404868 2201.72297917982 0
"25" 157.321776058737 1948.99823087668 1
"26" 169.999489145716 2211.46604698523 1
"27" 161.214123428431 2039.87972971719 1
"28" 119.738860995985 2005.60617734016 0
"29" 157.202033010589 1937.43130835696 1
"30" 159.527394265853 1987.0506295553 1
"31" 119.571003308944 1968.44388440961 0
"32" 160.483455759187 2009.14554765061 1
"33" 158.505345931071 1967.78531388156 1
"34" 161.242849225769 2021.05687667182 1
"35" 167.770117919147 2141.952668469 1
"36" 160.877965245362 2029.46141231158 1
"37" 159.441571198314 1982.065277147 1
"38" 120.535648014275 2022.12732259531 0
"39" 157.821981163568 1960.51180554015 1
"40" 156.615071858017 1957.18757854775 1
"41" 163.871801443339 2058.31979484348 1
"42" 174.189523669384 2296.10020017932 1
"43" 119.622413903642 1991.71216387218 0
"44" 162.272169916254 2038.51256990352 1
"45" 165.319922796216 2116.77379210635 1
"46" 158.869975935354 1979.18916939692 1
"47" 171.230087380647 2212.73298101202 1
"48" 154.144590788415 1895.07094923867 1
"49" 120.067438359539 2018.86173825162 0
"50" 164.812641834294 2095.86907176295 1
"51" 158.896427372552 1985.22702450576 1
"52" 160.45627047034 2009.25397575699 1
"53" 161.222872090775 2054.14437452269 1
"54" 162.38367976568 2045.29503232648 1
"55" 166.824672150174 2135.96856282387 1
"56" 156.175252152773 1943.01605208871 1
"57" 171.03725137453 2219.42479402827 1
"58" 155.577959741927 1918.68781626176 1
"59" 158.645682610304 1977.0501153507 1
"60" 160.825774524167 2036.51367109535 1
"61" 151.300964367444 1834.68980658925 1
"62" 161.164055319769 2021.83095725546 1
"63" 121.180306778269 2114.14207951963 0
"64" 119.937549088371 2032.97702489668 0
"65" 158.987153098217 1966.77818409888 1
"66" 160.975654400961 2037.20821183876 1
"67" 150.887476102017 1813.04120188841 1
"68" 160.669099680746 2020.17630281487 1
"69" 155.708983942764 1936.73053214482 1
"70" 163.52946429573 2076.30677446507 1
"71" 162.218237066729 2040.04613140318 1
"72" 155.845615850161 1919.67233291038 1
"73" 119.579695960628 1936.15888548417 0
"74" 166.187976899698 2120.96080283685 1
"75" 167.579738453959 2134.07049225197 1
"76" 162.66410153545 2062.98659671527 1
"77" 166.845448209915 2128.92272256565 1
"78" 119.579784764072 1949.32072035097 0
"79" 162.880613871248 2050.75831184107 1
"80" 155.249151858485 1931.58122921856 1
"81" 121.250120125994 2103.85668156079 0
"82" 164.4417127175 2083.44564577225 1
"83" 165.512726405681 2109.74233082826 1
"84" 155.418082498608 1920.18300465186 1
"85" 118.335980431204 1829.04067972176 0
"86" 165.64225837779 2123.2147409249 1
"87" 163.516299202347 2075.05879832889 1
"88" 163.139640156439 2080.31430477579 1
"89" 161.233945051513 2030.94763427386 1
"90" 165.282822131732 2083.60050571975 1
"91" 161.014958722677 2023.44791871667 1
"92" 164.593300120091 2099.82422126738 1
"93" 166.115561588518 2125.77294013944 1
"94" 162.705543349972 2065.45558796171 1
"95" 119.280468169097 1939.40957693161 0
"96" 155.472871087092 1935.25607739778 1
"97" 162.152866319581 2055.29901688554 1
"98" 165.605953912365 2111.76968853262 1
"99" 164.851088654516 2103.17480965498 1
"100" 164.178732180061 2083.50870444058 1
"101" 158.907445161837 1989.65137027936 1
"102" 155.535840205991 1924.51570412399 1
"103" 120.516488585313 2082.45327833872 0
"104" 162.936860228177 2063.91940682023 1
"105" 155.887049743336 1919.13516941351 1
"106" 158.349660849948 1972.0932302695 1
"107" 156.872657143225 1934.16089727485 1
"108" 155.452908888021 1902.6796915363 1
"109" 162.879089567309 2056.43860681461 1
"110" 118.902892428133 1931.41124572023 0
"111" 120.865764790288 2040.66781402632 0
"112" 121.291505327152 2157.0375449686 0
"113" 162.018036627368 2039.54090189825 1
"114" 156.836596558367 1947.55690136909 1
"115" 159.861457710971 1988.97800518278 1
"116" 149.674261214168 1806.96830234798 1
"117" 165.709324222261 2122.1063611275 1
"118" 118.683292313248 1881.16717463515 0
"119" 163.036888525592 2076.44036255605 1
"120" 169.627245099431 2188.72804783542 1
"121" 163.442495050388 2071.55772204199 1
"122" 167.292793613503 2146.03083122758 1
"123" 151.591770924044 1827.75170418435 1
"124" 120.140273746967 1997.48021358489 0
"125" 120.465599963653 2048.75013373857 0
"126" 165.139246803664 2084.17145943218 1
"127" 149.642324248132 1800.89500256762 1
"128" 157.247411873661 1948.49705108996 1
"129" 155.991700774578 1914.8649037819 1
"130" 153.786565140567 1896.19424464558 1
"131" 163.28273182609 2063.5555285066 1
"132" 120.130278730396 2043.07002777204 0
"133" 119.884511615249 2019.41255823309 0
"134" 119.508240745912 1937.12146158533 0
"135" 119.398784685458 1963.7563161692 0
"136" 163.252533917561 2071.00087287995 1
"137" 156.255434614303 1930.20543296241 1
"138" 166.68399030108 2124.03788133725 1
"139" 121.716996824016 2175.3239970199 0
"140" 160.999928100532 2029.7787554368 1
"141" 163.958116083289 2059.82234222533 1
"142" 120.358418263505 2002.27650674681 0
"143" 155.107288816839 1902.55918156301 1
"144" 155.631196453009 1919.59019537994 1
"145" 163.90575100278 2063.50472877199 1
"146" 153.309952722497 1894.2435929738 1
"147" 120.689506989957 2030.76227665669 0
"148" 155.927646523767 1961.09694072898 1
"149" 152.181667014764 1872.43702740338 1
"150" 157.348005249403 1949.29399677172 1
"151" 118.525948292096 1839.04367571568 0
"152" 152.997924236499 1885.87809743034 1
"153" 169.891269968987 2213.47595542116 1
"154" 156.928072144072 1934.83996399402 1
"155" 165.759707403661 2127.35798441753 1
"156" 161.652934145957 2036.61684707336 1
"157" 160.602807481161 2020.41178845704 1
"158" 119.800805204098 1952.97807135756 0
"159" 149.628370146787 1813.60552642052 1
"160" 159.18539414995 2017.58634736196 1
"161" 156.415342465199 1897.80640050247 1
"162" 159.912776356913 2014.63434777653 1
"163" 170.512860042849 2211.24806798905 1
"164" 156.693058465992 1934.22195320125 1
"165" 159.321404976704 1999.7303118906 1
"166" 158.981374817789 1978.39845268937 1
"167" 168.295120430052 2169.96176440803 1
"168" 153.762526540547 1896.07186499272 1
"169" 154.047645808194 1891.38053066809 1
"170" 163.297865478623 2062.18516068642 1
"171" 158.271872473305 1955.08279345788 1
"172" 165.895545296195 2111.01796048103 1
"173" 155.048849752836 1904.64542536898 1
"174" 154.135879959441 1913.5640337767 1
"175" 162.136218418001 2053.10782738853 1
"176" 161.712777021395 2025.38962750567 1
"177" 157.195456999415 1959.19622518058 1
"178" 164.081699587733 2093.77611192012 1
"179" 158.811486983244 1979.54286967425 1
"180" 153.382420896272 1863.7319392402 1
"181" 165.388620841843 2118.95292703701 1
"182" 149.60130700889 1798.63293893546 1
"183" 121.46284159151 2146.20756803881 0
"184" 160.466158219931 2025.91355069026 1
"185" 163.26591507618 2058.56371038034 1
"186" 120.426596681222 2061.15760909107 0
"187" 153.27768205628 1895.82575363996 1
"188" 159.14392305422 1980.20025908181 1
"189" 153.300109048054 1874.74321099757 1
"190" 163.07217776243 2066.25828862628 1
"191" 159.959040624222 2005.05402581959 1
"192" 163.924113351105 2075.81857843599 1
"193" 165.279933569574 2107.37597340418 1
"194" 162.695440653318 2036.36518205331 1
"195" 159.129401720731 1992.78844698329 1
"196" 157.90615371535 1972.66416492523 1
"197" 157.386188504292 1953.23116175204 1
"198" 119.962955928787 1997.81133369156 0
"199" 159.605398557731 2001.54015977778 1
"200" 155.920088274969 1926.13714170999 1
"201" 163.55006676436 2066.25828862628 1
"202" 119.48631319951 1978.6039338538 0
"203" 160.261873090594 2005.05402581959 1
"204" 157.592464332851 1931.52818066741 1
"205" 154.725832166509 1897.15873020514 1
"206" 159.824885473326 2009.82115094095 1
"207" 160.49567997496 2024.8293789496 1
"208" 151.259229471666 1830.61004072621 1
"209" 155.634756785062 1911.60128770451 1
"210" 161.344676247685 2043.30240785724 1
"211" 163.287468245721 2093.26644719329 1
"212" 122.002090331685 2168.58158286626 0
"213" 162.601398648384 2065.79665375182 1
"214" 156.216326181584 1955.61795790983 1
"215" 165.655452456043 2108.13659760766 1
"216" 168.009003801027 2158.62333734085 1
"217" 162.428481037058 2052.63404109119 1
"218" 167.986087924996 2154.92036426579 1
"219" 163.51281660725 2075.81857843599 1
"220" 153.749544103972 1896.07186499272 1
"221" 157.052240722127 1959.50851673364 1
"222" 158.586144325909 1958.00586884784 1
"223" 160.27052823451 2004.30458165521 1
"224" 164.802852722931 2114.11796304919 1
"225" 154.992262805185 1897.08438016652 1
"226" 159.689772202865 2013.41284880727 1
"227" 119.441603181683 1924.52213935261 0
"228" 152.348484478386 1874.36393571093 1
"229" 163.882485119916 2101.5599611453 1
"230" 170.026455916969 2209.26278895946 1
"231" 155.823136785721 1923.91074878061 1
"232" 159.410841668201 2003.4909679532 1
"233" 162.889962548961 2063.24525487847 1
"234" 118.772971826057 1883.98504870992 0
"235" 164.202863190503 2079.79272864737 1
"236" 119.868813040503 1977.53970636174 0
"237" 163.165726510537 2071.13643437236 1
"238" 159.589828615717 1992.5137727116 1
"239" 158.019065596385 1953.69710468941 1
"240" 118.418298684679 1904.05163446249 0
"241" 160.917392446497 2010.21532928448 1
"242" 157.853768989035 1973.10715534809 1
"243" 167.581602914978 2154.92036426579 1
"244" 152.617307325745 1840.58253362657 1
"245" 120.24106383933 1995.19875241478 0
"246" 120.06881650912 2062.94196239269 0
"247" 167.816413093581 2168.94841988873 1
"248" 154.258593498103 1901.91829123934 1
"249" 163.445736764671 2086.01593271085 1
"250" 120.665036872406 2029.39142340053 0
"251" 162.227893609173 2027.35378921538 1
"252" 153.641177827633 1881.15594647155 1
"253" 119.374895658024 1959.28788141391 0
"254" 168.113038867103 2146.68832761537 1
"255" 160.58937310917 2009.63434224269 1
"256" 158.403172081335 1977.63542552182 1
"257" 120.456073702898 1965.62353475333 0
"258" 169.18497386475 2187.63899883129 1
"259" 119.172057210348 1963.92394534433 0
"260" 159.942546950527 2010.75919244925 1
"261" 160.946953828519 2023.80994120953 1
"262" 170.157480042023 2196.90358486282 1
"263" 121.392582179761 2160.19732022725 0
"264" 164.844899602131 2100.69630596083 1
"265" 164.840785446326 2099.64947255446 1
"266" 163.546392957832 2082.20781629158 1
"267" 120.951492074031 2114.51280751439 0
"268" 167.996057123885 2183.72219720434 1
"269" 167.710650067396 2163.47910710428 1
"270" 155.644355700964 1921.83897185117 1
"271" 151.194586475353 1826.81062495231 1
"272" 159.180702639227 1990.10470605503 1
"273" 156.228624741022 1941.27467403527 1
"274" 154.30992888307 1890.89531980277 1
"275" 155.82413256011 1930.20543296241 1
"276" 159.862289003544 2003.37783473512 1
"277" 154.096885880674 1902.18319756576 1
"278" 120.08420032082 2006.39725890442 0
"279" 122.157220106849 2169.31518283159 0
"280" 164.022829080736 2085.700326736 1
"281" 156.926887684883 1955.06334422642 1
"282" 163.945904098179 2092.74070624177 1
"283" 159.000063626932 1997.14781190201 1
"284" 153.097705285344 1862.74546339015 1
"285" 121.321022905858 2094.19949842406 0
"286" 156.117094077063 1950.48573020909 1
"287" 120.429282065592 1998.50885136054 0
"288" 120.897251464518 2092.2866817038 0
"289" 119.339624043625 1970.96836039284 0
"290" 119.246723664555 1908.01804294388 0
"291" 156.879946319531 1948.51389379824 1
"292" 156.658805261014 1952.82277033862 1
"293" 166.977533743238 2135.95085005312 1
"294" 160.611683361883 2009.63434224269 1
"295" 119.177013679198 1983.86489620299 0
"296" 158.536204879979 1993.47742412039 1
"297" 118.560028803539 1896.51588475909 0
"298" 153.969586776687 1869.54058244511 1
"299" 154.004800331818 1887.54755161159 1
"300" 171.833348365557 2219.24539471935 1
"301" 158.148575262034 1975.39796236284 1
"302" 163.265873357944 2073.91252295645 1
"303" 164.006577427535 2088.0052380948 1
"304" 120.388065337135 2060.42491729812 0
"305" 147.900796198836 1776.11592671601 1
"306" 161.368288222143 2045.0594485794 1
"307" 156.847181854853 1958.41515738278 1
"308" 119.022337475919 1903.41744695238 0
"309" 160.317265123718 2024.56513439274 1
"310" 162.748500017099 2044.93545744594 1
"311" 157.198245317784 1973.57210499339 1
"312" 156.374167093154 1919.8191887831 1
"313" 162.923822741872 2038.79828876987 1
"314" 156.667374091439 1948.20415204774 1
"315" 159.261193149254 1988.48779187195 1
"316" 164.8589924084 2102.38006558597 1
"317" 155.836185795052 1924.64761870603 1
"318" 155.400677868867 1923.94967038824 1
"319" 164.985044241906 2113.52735822503 1
"320" 166.655433808923 2131.98887453733 1
"321" 118.390232793584 1870.09980477594 0
"322" 154.911807566264 1884.29004570592 1
"323" 169.180757170411 2179.63513187799 1
"324" 153.55485186481 1858.76964266287 1
"325" 167.063094146612 2159.59503078062 1
"326" 151.387608381452 1837.01930127135 1
"327" 159.092717254144 1997.98365236487 1
"328" 162.000960007043 2049.2775315564 1
"329" 119.877855545107 2018.6477305576 0
"330" 165.215347377401 2105.60110281055 1
"331" 172.106378059584 2254.94227175866 1
"332" 121.29815111265 2132.55788327002 0
"333" 156.67192626721 1936.20352903533 1
"334" 154.546931498757 1890.8795107815 1
"335" 120.678739961445 2050.12423810456 0
"336" 167.072865194404 2136.25068950903 1
"337" 158.487697681561 1994.90129089052 1
"338" 120.103928370831 2024.51072516238 0
"339" 154.674947355539 1920.19644900991 1
"340" 165.871917240512 2124.03788133725 1
"341" 157.32805556211 1952.1333530455 1
"342" 119.466738968338 1917.28866833331 0
"343" 156.968897928849 1954.36259235045 1
"344" 163.241865655124 2075.44955828859 1
"345" 149.949767082718 1815.62947391108 1
"346" 166.564367736211 2109.63964309712 1
"347" 163.670447533705 2073.89606311117 1
"348" 158.666519437477 1987.63893128272 1
"349" 120.521339017468 2062.85286849052 0
"350" 162.837639841848 2070.86785300058 1
"351" 172.524211291944 2256.40549862573 1
"352" 174.363369060284 2277.18297563113 1
"353" 163.936689794067 2086.65925879663 1
"354" 154.147009251413 1898.28916023677 1
"355" 163.651159411802 2094.88178223719 1
"356" 159.032001801316 1980.38597745449 1
"357" 165.978760059601 2141.952668469 1
"358" 119.968680756653 1981.06065614805 0
"359" 164.545367999191 2094.88178223719 1
"360" 166.265351840277 2112.91214517342 1
"361" 158.325840005531 1973.57210499339 1
"362" 122.103011562623 2229.45655904959 0
"363" 164.542336323316 2087.37219892953 1
"364" 158.350932817275 1980.38597745449 1
"365" 154.577516169406 1890.89531980277 1
"366" 154.927714152561 1902.8376098967 1
"367" 165.566098460426 2122.6795029651 1
"368" 118.863497808527 1911.79237203279 0
"369" 165.674472725996 2128.44104738393 1
"370" 162.076574477644 2003.75372490687 1
"371" 160.993554122634 2004.80120382153 1
"372" 159.060282401635 1974.15571445741 1
"373" 120.803267247617 2049.78908280742 0
"374" 159.280915832181 1998.06942424192 1
"375" 119.664891472027 1957.73961694108 0
"376" 119.573686910995 1974.55043592273 0
"377" 161.23826840636 2031.92472595319 1
"378" 160.874479049036 2028.12422675372 1
"379" 160.3831366359 2016.94556780282 1
"380" 157.574289347893 1964.26401381998 1
"381" 162.77471250054 2059.90503387417 1
"382" 163.458412557389 2077.44577280391 1
"383" 157.044660118553 1955.62683700728 1
"384" 162.847200255373 2050.96821046576 1
"385" 168.267490332258 2162.13717869698 1
"386" 166.947244408101 2146.17372720959 1
"387" 159.9366480336 1986.53041377772 1
"388" 150.083525419899 1819.1748855716 1
"389" 156.158524770766 1924.70871672399 1
"390" 156.533131901896 1936.91457140536 1
"391" 120.650913391974 2052.98551640679 0
"392" 158.18379590853 1961.1860184601 1
"393" 161.968406618711 2034.11279143641 1
"394" 160.068121828631 2004.55097211451 1
"395" 145.347615385428 1713.00600765214 1
"396" 161.682052229411 2038.9003674912 1
"397" 120.302771168396 2038.62018684231 0
"398" 120.296711287455 2016.52825490544 0
"399" 161.652359052171 2017.71810256147 1
"400" 155.952574362791 1930.25589031728 1
"401" 145.943832506792 1709.7588801029 1
"402" 149.148866476417 1785.70234377636 1
"403" 158.427749882278 1981.48662498554 1
"404" 160.711912404134 2020.46540226394 1
"405" 162.738889673333 2059.82093815782 1
"406" 156.946839233501 1934.46723708117 1
"407" 170.66351169237 2221.17333272917 1
"408" 118.648890218346 1903.8249137093 0
"409" 158.052143981761 1957.26541820442 1
"410" 120.939815126788 2123.03816285287 0
"411" 163.959063722403 2064.62256754199 1
"412" 153.79953051932 1887.88923756819 1
"413" 155.27169253117 1933.72499362947 1
"414" 167.778029402155 2168.94841988873 1
"415" 160.679427424459 2009.82115094095 1
"416" 163.217973796811 2062.84213559299 1
"417" 163.402370312224 2066.17283726387 1
"418" 155.908969948389 1934.34300564018 1
"419" 150.86173436959 1837.08875739428 1
"420" 164.536552737261 2095.95295232338 1
"421" 119.886317780881 2013.64224352142 0
"422" 156.187198451259 1955.30984855984 1
"423" 165.467730750038 2119.27914623582 1
"424" 152.920937615025 1855.01249992247 1
"425" 162.121022476169 2062.96895214215 1
"426" 163.83268559427 2066.23583196039 1
"427" 159.286991651615 1994.99274232382 1
"428" 163.247838511499 2059.33328308572 1
"429" 165.726562334623 2128.97448558528 1
"430" 166.056535949247 2114.51700805432 1
"431" 164.795422391572 2105.13402473271 1
"432" 164.803128077735 2121.08519789548 1
"433" 158.810850442008 1966.65998430401 1
"434" 148.990351599674 1772.50469376966 1
"435" 159.431145456143 1988.51648100222 1
"436" 162.831755869815 2059.82093815782 1
"437" 119.720127144981 1967.57809088981 0
"438" 120.077129407342 2014.16523507979 0
"439" 155.678225039683 1930.31104746003 1
"440" 160.722069864982 2024.8293789496 1
"441" 161.065836128264 2047.67263533223 1
"442" 164.799472786231 2102.83001000882 1
"443" 162.087406206276 2067.36241258006 1
"444" 158.793987844544 1976.82295433374 1
"445" 118.085917636279 1802.36531687205 0
"446" 161.121492655598 2015.26812086036 1
"447" 162.584772020715 2049.95854525234 1
"448" 163.605423518417 2069.89218304966 1
"449" 157.145414811731 1960.17041827369 1
"450" 156.507555137341 1924.64761870603 1
"451" 154.719750990709 1897.80640050247 1
"452" 162.200118930915 2052.04907801946 1
"453" 170.661702910777 2218.76661436904 1
"454" 160.344182276228 2016.09014990324 1
"455" 161.861584772368 2037.30755033924 1
"456" 120.334129469507 2033.32692316251 0
"457" 159.632453941463 2004.24023836045 1
"458" 162.189568016418 2029.48090935318 1
"459" 120.528278177345 2043.60155228462 0
"460" 119.653556590505 1974.74676124176 0
"461" 164.880747942499 2087.2508148026 1
"462" 156.694681707013 1950.77476858297 1
"463" 152.604784900968 1894.27083995953 1
"464" 159.034561437042 1984.64695028228 1
"465" 154.536850869213 1886.88267603326 1
"466" 165.93534432179 2116.77379210635 1
"467" 159.764266996684 1992.0534844384 1
"468" 161.112376423356 2020.67366618002 1
"469" 150.088080260474 1809.62575920946 1
"470" 165.301538430644 2130.99737586321 1
"471" 160.664912040406 2021.31469480663 1
"472" 165.567460142682 2132.4719125107 1
"473" 154.671784195519 1899.41190592666 1
"474" 160.621355430044 2021.31895428379 1
"475" 163.878826567198 2067.11837345536 1
"476" 162.031240730021 2048.11097800895 1
"477" 120.31540156639 2072.3998111311 0
"478" 162.44468006692 2071.55772204199 1
"479" 118.825505526934 1890.88068692124 0
"480" 153.376323351202 1886.88267603326 1
"481" 168.162512630683 2168.61835867239 1
"482" 119.31351586598 1910.50664442426 0
"483" 119.050860229931 1925.53216582922 0
"484" 120.952645849219 2100.60073270048 0
"485" 121.074440483161 2104.10281268296 0
"486" 154.25023841044 1901.25984968464 1
"487" 155.336840708105 1914.8649037819 1
"488" 160.960193048051 2015.71939050431 1
"489" 120.213633883563 2022.25497134499 0
"490" 162.425061188883 2030.90477612323 1
"491" 158.325057191326 1970.59579312437 1
"492" 164.24015742337 2095.95295232338 1
"493" 159.16020394357 1986.52323382395 1
"494" 166.556721744594 2130.78779854242 1
"495" 119.902503571813 1988.34796785682 0
"496" 162.658063833344 2052.22416330922 1
"497" 164.482036002115 2092.83667848264 1
"498" 163.734750736659 2084.17145943218 1
"499" 157.046038401426 1946.41890990747 1
"500" 160.569802702815 2032.15339748433 1
"501" 118.871798011489 1922.98134741744 0
"502" 163.641863280306 2071.17279360489 1
"503" 159.166203165178 2014.24292437065 1
"504" 118.676188575802 1854.6694959799 0
"505" 163.736439089936 2085.8792089858 1
"506" 156.394310455697 1931.17778008493 1
"507" 156.468522953504 1943.75666494703 1
"508" 157.646382689596 1963.08945906158 1
"509" 161.649178816768 2027.07496994563 1
"510" 119.527821471395 1928.99477155344 0
"511" 167.179529233029 2123.39112658663 1
"512" 159.123378217637 1989.12460716555 1
"513" 161.436929491973 2024.14104080335 1
"514" 157.94374865351 1962.92581291947 1
"515" 160.756134491423 2032.25129472143 1
"516" 158.470093476856 1963.90096830917 1
"517" 119.213213776664 1885.30224610241 0
"518" 152.781635755045 1868.7583466243 1
"519" 119.891291697844 2048.20137158963 0
"520" 158.771393444186 1976.87387168857 1
"521" 118.898838511886 1925.76884012316 0
"522" 118.776976291277 1875.42466105233 0
"523" 164.039006506645 2112.2336274 1
"524" 153.418439684823 1856.7554871388 1
"525" 154.622913637093 1895.10113323703 1
"526" 158.462332712873 1980.92327458374 1
"527" 161.521735353612 2021.44965999234 1
"528" 165.221144903086 2129.16812303652 1
"529" 120.07026623046 2010.8851980512 0
"530" 153.350285876075 1869.54058244511 1
"531" 159.807164250221 1975.39796236284 1
"532" 121.297281585211 2167.78565591811 0
"533" 117.918798973222 1854.01959910217 0
"534" 153.901181245393 1890.09242147974 1
"535" 156.408746803643 1933.96112198251 1
"536" 168.361670048335 2162.13717869698 1
"537" 158.372615280411 1984.68528726488 1
"538" 121.469824414094 2121.95438029051 0
"539" 153.068631724803 1861.24477012216 1
"540" 165.826218090912 2125.0333653392 1
"541" 165.495150345326 2109.1044499057 1
"542" 163.623919401538 2085.8792089858 1
"543" 164.80447541633 2103.84437325968 1
"544" 154.156421614049 1879.83605154064 1
"545" 151.599551896931 1826.1192535507 1
"546" 120.428450422557 2073.63443788406 0
"547" 118.97307787851 1950.40617867455 0
"548" 158.870714174842 1995.37983935508 1
"549" 156.800365179721 1948.25231641894 1
"550" 154.921542697668 1920.37877198898 1
"551" 145.654293422066 1712.42861739608 1
"552" 162.113935558435 2066.32766431551 1
"553" 163.38860286073 2080.31430477579 1
"554" 120.620782287853 2079.81109873938 0
"555" 158.244482035357 1973.3549505854 1
"556" 156.08569829674 1918.05852707941 1
"557" 173.34495736897 2266.23020797635 1
"558" 151.83439835963 1840.58253362657 1
"559" 119.843744135541 2003.86689148602 0
"560" 162.207516728818 2037.30649152282 1
"561" 119.201760978294 1963.64582434808 0
"562" 120.013978946496 2003.46473953223 0
"563" 157.989432926097 1976.1923590499 1
"564" 155.084469964913 1886.88267603326 1
"565" 162.144404935798 2021.01337018922 1
"566" 118.582294504959 1836.23668547403 0
"567" 160.797182610137 2023.80994120953 1
"568" 160.665161912032 2034.07099131291 1
"569" 168.353180975873 2159.90257854846 1
"570" 163.645232566834 2085.55280213003 1
"571" 165.864164789245 2103.62743096079 1
"572" 161.333696577017 2046.231468622 1
"573" 161.895919837108 2057.02612393298 1
"574" 119.709436123091 1984.97748097921 0
"575" 162.569332616358 2034.7103034558 1
"576" 161.227858971356 2029.7787554368 1
"577" 154.481106911066 1868.09378973342 1
"578" 159.472195908589 1991.04720869061 1
"579" 165.30108407372 2103.17480965498 1
"580" 158.462060455189 1965.11887160099 1
"581" 161.489699796274 2034.55138946214 1
"582" 155.958355456695 1914.98765112808 1
"583" 165.656721662099 2107.14189108631 1
"584" 158.767483266473 1971.89814158821 1
"585" 163.672831222028 2080.89061760095 1
"586" 120.096756127897 2060.61446054848 0
"587" 118.795669186508 1893.77612521923 0
"588" 167.706073507931 2155.84501456674 1
"589" 157.615048217847 1975.43644679927 1
"590" 119.667278900518 1960.52160161845 0
"591" 163.803085837944 2058.36808641955 1
"592" 169.509471523706 2192.10224114336 1
"593" 159.064082154834 1967.84248940662 1
"594" 119.408476987462 1951.13039597511 0
"595" 160.637624199329 2037.06552977045 1
"596" 163.000443611159 2050.84938592547 1
"597" 162.785741939169 2072.91037040457 1
"598" 159.864143026651 1981.22867602861 1
"599" 157.005158664087 1937.64505042353 1
"600" 164.755272809791 2082.20781629158 1
"601" 120.746833045234 2117.85160634101 0
"602" 156.99794725155 1919.37109800281 1
"603" 158.206263953719 1970.04345834177 1
"604" 158.882246696502 1972.9801760848 1
"605" 165.724971873052 2115.20771211228 1
"606" 157.842221709381 1949.96187749184 1
"607" 155.74701444531 1939.06911004166 1
"608" 160.919355060257 2001.58365084818 1
"609" 152.649374104102 1874.26138333816 1
"610" 120.398599930471 2015.97361787897 0
"611" 158.33367675997 1984.30869829235 1
"612" 161.56578116973 2021.01337018922 1
"613" 155.110311538871 1895.10113323703 1
"614" 160.41075402347 2013.3490664192 1
"615" 161.444756284208 2029.28122699286 1
"616" 163.386979951734 2088.02566225898 1
"617" 160.35292206131 2003.75372490687 1
"618" 156.821938979494 1935.00106241838 1
"619" 119.217137543382 1944.60870879803 0
"620" 158.35756549662 1975.76816110009 1
"621" 159.932372716245 1998.06942424192 1
"622" 121.252368590161 2149.75306070156 0
"623" 154.861351549034 1890.41500496607 1
"624" 162.288136548773 2047.67263533223 1
"625" 165.052661106337 2105.79381214304 1
"626" 118.493766731911 1853.52137502634 0
"627" 158.081141765913 1984.81363868949 1
"628" 155.60571216787 1915.45953774374 1
"629" 150.70560579719 1836.86858156078 1
"630" 167.866874911132 2161.37251838748 1
"631" 159.767459643606 2016.8670715487 1
"632" 160.256234640951 2005.66488637025 1
"633" 117.42527483451 1745.92485126093 0
"634" 158.559997025294 1987.63893128272 1
"635" 118.973401971263 1895.5430938063 0
"636" 120.607976158999 2082.6356081296 0
"637" 156.125882441287 1935.15091407313 1
"638" 162.87137999562 2059.12476594519 1
"639" 157.573828430939 1964.83116617746 1
"640" 157.263783252301 1958.13625148763 1
"641" 167.343581798689 2166.08805825978 1
"642" 120.957969631751 2060.11989923501 0
"643" 159.968134124871 1986.53041377772 1
"644" 147.010181900295 1740.0010759924 1
"645" 119.740301501607 1988.83563588127 0
"646" 156.467230100408 1922.26616264279 1
"647" 153.585553593969 1884.46305170484 1
"648" 156.127539394251 1903.19656984914 1
"649" 152.8717766011 1868.09378973342 1
"650" 155.303611272007 1912.84739072705 1
"651" 167.082674912814 2145.42800629871 1
"652" 162.344969014342 2051.00273227412 1
"653" 166.133169568743 2132.92221292633 1
"654" 168.868803136242 2172.05585451356 1
"655" 159.644659598808 1974.15571445741 1
"656" 156.473281080817 1921.72597809003 1
"657" 163.347887524063 2082.24446075897 1
"658" 163.862001548622 2085.69626634032 1
"659" 148.14100927964 1782.1808266488 1
"660" 148.932980586322 1765.67717513915 1
"661" 154.428263883342 1879.54536649934 1
"662" 162.515053437695 2071.00087287995 1
"663" 119.380569060844 1973.34612082266 0
"664" 160.174516562508 2024.15474082423 1
"665" 155.668246819475 1920.77953582168 1
"666" 157.016409288331 1943.0675031559 1
"667" 156.993894982992 1960.5787196143 1
"668" 119.474971197549 1934.84703536851 0
"669" 164.256416137445 2086.56714348781 1
"670" 172.861126812542 2256.40549862573 1
"671" 158.269264423531 1978.04069152397 1
"672" 118.530222380196 1890.94276608249 0
"673" 166.892419736007 2147.63250063795 1
"674" 162.898557866107 2055.3089959146 1
"675" 154.104219674425 1891.62918783499 1
"676" 160.467284945707 2020.67366618002 1
"677" 160.784856864747 2008.97409999149 1
"678" 158.167951982114 1962.78224840431 1
"679" 163.613061891675 2076.46928665009 1
"680" 166.607200774074 2146.56943697957 1
"681" 157.321856158089 1948.20415204774 1
"682" 156.199000339005 1944.25693106729 1
"683" 161.299197878118 2040.19420960491 1
"684" 162.973082767234 2047.82838384598 1
"685" 158.866975475525 2000.9285911715 1
"686" 149.159772057646 1794.7621352839 1
"687" 172.724859049735 2282.10363263558 1
"688" 160.180029040941 2004.25030016785 1
"689" 168.599181982394 2172.47678953553 1
"690" 168.779717975308 2166.5409082582 1
"691" 160.406428057477 2008.91031822117 1
"692" 161.052938924812 2029.52301332423 1
"693" 166.096711374747 2094.71271069217 1
"694" 161.072778735264 2026.95557530244 1
"695" 169.958241935083 2198.49332745802 1
"696" 152.933007796186 1874.09915675472 1
"697" 161.585344693042 2050.44673323909 1
"698" 151.509465766141 1827.75170418435 1
"699" 154.600505192939 1879.54536649934 1
"700" 158.477481066039 1964.47456839497 1
"701" 151.631438191799 1823.21001292161 1
"702" 163.492948116792 2051.29106464146 1
"703" 164.896144559965 2098.60941361738 1
"704" 161.394397051286 2039.39209358888 1
"705" 157.756834908268 1942.59661627603 1
"706" 120.384690556906 1999.81718866844 0
"707" 119.201978423828 1890.15650001311 0
"708" 142.59738974895 1639.02211759299 1
"709" 157.444830472947 1953.52193760581 1
"710" 158.791676787819 1958.62210321905 1
"711" 157.564310384098 1985.22702450576 1
"712" 159.724933146587 2011.87580863615 1
"713" 160.293648128477 2016.12537084097 1
"714" 150.058220292574 1826.1192535507 1
"715" 162.534564517938 2058.00238322065 1
"716" 167.995488754932 2161.37251838748 1
"717" 157.18076941913 1965.70672961813 1
"718" 157.011995289208 1920.37877198898 1
"719" 153.859701571104 1893.47328251604 1
"720" 156.489929829446 1915.90042680962 1
"721" 120.739998125631 2029.56051389164 0
"722" 163.245613203866 2052.63404109119 1
"723" 169.636668666147 2205.64569434304 1
"724" 158.283339649469 1977.0501153507 1
"725" 120.711628405384 2054.19632387701 0
"726" 165.817752648092 2129.16812303652 1
"727" 156.614136980547 1929.96313495129 1
"728" 121.035817260414 2074.02632445575 0
"729" 162.970990065471 2057.5480442976 1
"730" 161.039744690145 2018.56038016735 1
"731" 158.526636877049 1978.40111875306 1
"732" 156.377598640903 1934.0661880394 1
"733" 158.441104504972 1977.29482638204 1
"734" 120.309158159922 2028.557705456 0
"735" 162.148172227389 2038.3777955102 1
"736" 119.261487507222 1932.4633359945 0
"737" 162.17160742969 2028.02799899245 1
"738" 153.310567053016 1872.65882660235 1
"739" 120.757124368896 2135.10544206181 0
"740" 118.595451621949 1904.72761405376 0
"741" 164.309191738761 2095.35758630111 1
"742" 165.310341866944 2106.04461491694 1
"743" 155.393035247957 1896.98949851665 1
"744" 170.57844953236 2202.03808179365 1
"745" 154.747437239226 1919.24476530008 1
"746" 159.669011638484 1981.48662498554 1
"747" 156.324659658996 1946.53107617925 1
"748" 158.723450880132 1970.04345834177 1
"749" 152.839607751373 1874.17823674087 1
"750" 154.245196696348 1865.42608750216 1
"751" 165.561742424134 2086.97920603406 1
"752" 167.95807029283 2164.16405803769 1
"753" 119.687449191902 1960.83222099209 0
"754" 161.429948349764 2051.67980623202 1
"755" 160.340073223356 2021.36905014668 1
"756" 161.016823199847 2011.61738711012 1
"757" 163.508281849879 2068.91873574984 1
"758" 159.34006795272 1983.84091078643 1
"759" 158.568235882633 1976.69103145833 1
"760" 164.27063142737 2082.62062764393 1
"761" 120.923589424319 2094.13286056103 0
"762" 154.070257828693 1878.76469671512 1
"763" 151.208000118376 1799.16831615956 1
"764" 162.089571576484 2045.29503232648 1
"765" 157.754466463876 1933.8266348992 1
"766" 119.323304244057 1945.43994950306 0
"767" 162.2510727678 2030.59179293586 1
"768" 156.542726394559 1941.3390832637 1
"769" 160.10544404698 1996.93084932454 1
"770" 153.155804797625 1877.0686367001 1
"771" 162.093717662252 2053.25096146465 1
"772" 154.292662720542 1883.90098790051 1
"773" 119.892119615316 1971.27563729793 0
"774" 157.060155361248 1938.18368123406 1
"775" 159.390649611686 2000.95336126971 1
"776" 162.151176881382 2035.42249101933 1
"777" 167.728142377342 2163.47910710428 1
"778" 166.647199761128 2139.59103355471 1
"779" 119.836113743177 1960.06179129538 0
"780" 119.519656154746 1902.2364934653 0
"781" 166.500896115024 2145.33164399536 1
"782" 120.961584192925 2079.43844111859 0
"783" 119.950490276586 1991.38673000284 0
"784" 162.149339929544 2050.65918851687 1
"785" 156.925200833901 1972.0327960776 1
"786" 165.908086867635 2115.32757062165 1
"787" 121.488914698268 2156.70594813653 0
"788" 163.297482888223 2078.59704318387 1
"789" 163.512472956338 2100.99840759484 1
"790" 153.519248673346 1871.85739810189 1
"791" 154.113291430491 1894.27083995953 1
"792" 152.596856279955 1872.43702740338 1
"793" 158.987979459007 1978.39845268937 1
"794" 120.950319962706 2077.66173654454 0
"795" 154.41304101885 1895.07094923867 1
"796" 164.408153959643 2080.97740493815 1
"797" 161.148187686187 2013.13385641266 1
"798" 161.332713375907 2041.53884439223 1
"799" 167.229910066697 2161.67107829404 1
"800" 155.53952609946 1912.75796080693 1
"801" 160.991126260688 2014.5654053899 1
"802" 155.030068258994 1904.45866215685 1
"803" 119.701584723988 1958.5380086138 0
"804" 161.246657648681 2036.61684707336 1
"805" 120.649765456597 2065.1799541619 0
"806" 157.511820917176 1938.18368123406 1
"807" 121.809008847616 2169.94058973535 0
"808" 161.254307782913 2036.13594188232 1
"809" 166.670207324889 2136.25068950903 1
"810" 119.61080877208 1992.63567664111 0
"811" 165.700522027862 2095.57304394426 1
"812" 153.688712828146 1881.57384877742 1
"813" 160.109739030524 2007.56663595307 1
"814" 163.469435490294 2074.79383605542 1
"815" 158.376578167437 1993.24495853223 1
"816" 153.188487085806 1894.82496014992 1
"817" 155.862951628806 1901.92537199886 1
"818" 156.651415648787 1948.79928343998 1
"819" 119.254905378022 1941.23123240674 0
"820" 163.212838255629 2056.0427936978 1
"821" 164.344979151607 2082.80081029208 1
"822" 171.904315658325 2228.73138568979 1
"823" 157.781207154184 1980.23533629058 1
"824" 121.403411526293 2143.98430791419 0
"825" 153.813814004382 1868.31865193033 1
"826" 167.543841942158 2143.3719853813 1
"827" 119.203623109608 1901.28442147209 0
"828" 161.140640943065 2036.13594188232 1
"829" 120.49158086236 2034.65165261288 0
"830" 171.805004777993 2246.85264395282 1
"831" 162.340194835654 2052.59965223483 1
"832" 159.281905365001 1973.71254256195 1
"833" 162.206413078694 2049.2775315564 1
"834" 120.305907603596 2025.66758850977 0
"835" 160.074293119843 1993.96154470226 1
"836" 163.71978250194 2075.85742190053 1
"837" 163.874564112273 2095.47861862632 1
"838" 118.620104147764 1865.09759406484 0
"839" 155.680808740587 1918.02428238024 1
"840" 156.826118505137 1919.59019537994 1
"841" 117.839639096384 1825.58503467212 0
"842" 154.172766928607 1884.46305170484 1
"843" 119.612183865895 1974.35776465388 0
"844" 159.045856881548 1985.61667991055 1
"845" 164.230166417328 2089.03429062014 1
"846" 156.552286441273 1942.58533199377 1
"847" 162.352584801559 2067.87384995684 1
"848" 173.863575325337 2267.88713766317 1
"849" 164.305545023846 2085.69626634032 1
"850" 154.378676631971 1909.64651189512 1
"851" 165.912190692006 2127.35798441753 1
"852" 156.125039747372 1928.18734147542 1
"853" 155.958026451442 1914.78844577171 1
"854" 160.899458895215 2018.86886641123 1
"855" 119.167725643435 1887.70334208231 0
"856" 157.484011009698 1967.84248940662 1
"857" 162.756428461897 2059.2439769931 1
"858" 119.962643469769 2020.41311719357 0
"859" 162.044703015186 2058.95675181107 1
"860" 120.855630996877 2054.63169625508 0
"861" 154.515817205346 1902.55918156301 1
"862" 158.014195983445 1964.39151953731 1
"863" 156.31606969274 1919.13516941351 1
"864" 160.634099419675 2016.95270974666 1
"865" 175.725858678958 2313.84063958018 1
"866" 161.918830550524 2040.43937501912 1
"867" 161.779716363616 2033.57889242424 1
"868" 121.217964693398 2102.49647863859 0
"869" 119.443379986109 1911.56437432969 0
"870" 154.453474477219 1895.10113323703 1
"871" 155.660747055639 1918.05852707941 1
"872" 168.148262659865 2162.13717869698 1
"873" 155.852645769685 1927.86339433141 1
"874" 167.892875475585 2168.94841988873 1
"875" 121.190127007197 2135.37425464707 0
"876" 157.51321551975 1946.0787235799 1
"877" 156.065995894702 1948.71389893987 1
"878" 166.534531539304 2122.43100352373 1
"879" 153.782951114739 1874.09915675472 1
"880" 158.98629669008 1979.50495916166 1
"881" 162.626391712292 2076.30677446507 1
"882" 168.208919463622 2159.90257854846 1
"883" 162.662567549792 2057.1747909975 1
"884" 157.730668807547 1972.23167467445 1
"885" 157.996346255329 1963.08945906158 1
"886" 148.339979633794 1782.20430454027 1
"887" 163.468203434492 2052.67648688377 1
"888" 170.329147180092 2216.20303699213 1
"889" 119.579790360119 1970.30461015295 0
"890" 153.534290603634 1879.83605154064 1
"891" 156.00617603453 1930.1439650143 1
"892" 164.936607551402 2120.98678327847 1
"893" 163.796197481877 2076.46928665009 1
"894" 120.718378866629 2085.90065552969 0
"895" 154.188004489538 1895.16492081166 1
"896" 162.94391617499 2034.58729244653 1
"897" 154.668360806458 1890.41500496607 1
"898" 153.017947032255 1851.81847489166 1
"899" 153.686891441378 1881.16588307488 1
"900" 161.51719052016 2045.35958136319 1
"901" 156.789807441552 1936.20352903533 1
"902" 153.219909086403 1846.58874343342 1
"903" 149.17415953756 1791.85886564898 1
"904" 154.681041226601 1887.2935225135 1
"905" 158.407156636361 1983.53743532953 1
"906" 168.886706348899 2173.57926439606 1
"907" 120.763476282964 2089.57883060999 0
"908" 154.660972820203 1895.06072693761 1
"909" 158.3002495292 1980.71972842168 1
"910" 161.953921468264 2038.25769732729 1
"911" 163.785703680188 2079.55940373555 1
"912" 168.664222986355 2188.35464736209 1
"913" 156.194570819243 1921.20936725751 1
"914" 157.596941269547 1955.34102342165 1
"915" 119.573608694991 1965.07177354232 0
"916" 155.974246588503 1921.98920669543 1
"917" 119.727182076552 1950.84656121636 0
"918" 159.991852732084 1975.39796236284 1
"919" 118.480242400301 1828.09686615439 0
"920" 162.596785718387 2045.56381397409 1
"921" 153.95953802067 1895.16492081166 1
"922" 160.79380545887 1991.15513474012 1
"923" 155.557200796681 1914.78844577171 1
"924" 164.191371509794 2102.63310116267 1
"925" 157.753497626753 1958.50548044155 1
"926" 121.43472787471 2157.59080695575 0
"927" 147.615355129394 1758.05372387855 1
"928" 161.965283416436 2029.29250997885 1
"929" 120.722314701288 2075.95748189438 0
"930" 165.736988195959 2131.95443710991 1
"931" 161.478393888835 2029.32189181363 1
"932" 160.104509626916 1997.32605173405 1
"933" 119.896945218392 2021.92742392864 0
"934" 120.242504947846 2028.31816095013 0
"935" 161.412184567995 2029.98259098327 1
"936" 167.988405018341 2150.17437349066 1
"937" 166.327516506662 2138.91079027597 1
"938" 161.210345486645 2016.86812106614 1
"939" 153.69647437616 1870.62204571593 1
"940" 162.282389724013 2057.41702721908 1
"941" 158.380678284003 1973.38875627039 1
"942" 155.345507488577 1917.422056268 1
"943" 142.709864294457 1650.25351173237 1
"944" 161.329694589682 2049.54213169707 1
"945" 119.986979564869 2045.89643562648 0
"946" 162.06351103487 2036.61684707336 1
"947" 153.714047025912 1860.348058464 1
"948" 157.774080366171 1952.11959406542 1
"949" 154.253271390033 1878.52761274881 1
"950" 123.210380529452 2287.54207897975 0
"951" 160.701394230137 2032.25129472143 1
"952" 165.412805851143 2115.20771211228 1
"953" 156.06506675466 1909.64651189512 1
"954" 162.9838519701 2063.23523019172 1
"955" 156.139999348023 1902.6796915363 1
"956" 120.55434609628 2081.00036251487 0
"957" 120.073685531552 1980.93665663317 0
"958" 119.220930424775 1882.71156830818 0
"959" 166.736318455834 2154.96786133887 1
"960" 154.098417109759 1856.7554871388 1
"961" 167.832595142637 2159.90257854846 1
"962" 121.096918217109 2061.02631824453 0
"963" 161.673143723459 2032.97182194112 1
"964" 164.666509154948 2099.82422126738 1
"965" 156.867504260043 1948.79928343998 1
"966" 157.474202764807 1940.03135034002 1
"967" 156.372247314996 1926.13714170999 1
"968" 166.221796934589 2137.6104561147 1
"969" 159.628519347547 1998.06942424192 1
"970" 158.83284071031 1992.2358631396 1
"971" 118.720347766928 1889.68644366562 0
"972" 155.222864028865 1912.28440511126 1
"973" 157.175095456314 1951.35143684322 1
"974" 154.592823113083 1902.8376098967 1
"975" 120.885246935339 2090.41421128649 0
"976" 159.765053572856 2003.54968481059 1
"977" 167.174449342124 2142.99440179709 1
"978" 119.617402663262 1943.30220204447 0
"979" 151.221384185315 1819.0207914369 1
"980" 159.143727405944 2011.71905979949 1
"981" 157.502702217498 1956.17675597213 1
"982" 147.255615824348 1744.55309734949 1
"983" 154.90364919302 1911.384455171 1
"984" 157.542725603163 1960.17041827369 1
"985" 161.016814098027 2010.34702634145 1
"986" 164.16700613667 2079.55940373555 1
"987" 156.515779479957 1935.06818827933 1
"988" 161.800960565088 2057.51054030397 1
"989" 152.91001749894 1861.34865486009 1
"990" 154.911005527165 1901.67852715796 1
"991" 152.311845127587 1850.23398664906 1
"992" 166.571607652753 2125.79326205378 1
"993" 118.595038823026 1889.10920080864 0
"994" 159.02993552187 1984.64695028228 1
"995" 161.125763598229 2037.30755033924 1
"996" 162.571590115566 2037.96118686873 1
"997" 165.631791505097 2125.47965024276 1
"998" 157.994275133823 1954.17440420741 1
"999" 120.594577452977 2065.95642295609 0
"1000" 160.731206670561 2024.15206569147 1
